-1 -1 -1
-1 -1 -1
-0.938317 0.460928 2.351
-1 -1 -1
-1 -1 -1
-1 -1 -1
-1 -1 -1
-1 -1 -1
-1 -1 -1
-1 -1 -1
-1 -1 -1
-1 -1 -1
-1 -1 -1
-1 -1 -1
-1 -1 -1
-1 -1 -1
-1 -1 -1
-1 -1 -1
-1 -1 -1
-1 -1 -1
-1 -1 -1
-1 -1 -1
-1 -1 -1
-1 -1 -1
-1 -1 -1
-1 -1 -1
-1 -1 -1
-1 -1 -1
-1 -1 -1
-1 -1 -1
-1 -1 -1
0.584492 -0.932404 3.975
0.584492 -0.932404 3.975
-1 -1 -1
-0.961585 0.511811 2.215
-1 -1 -1
-0.960394 0.355422 2.16
-0.944703 0.389483 2.367
-0.944703 0.389483 2.367
-1 -1 -1
-1 -1 -1
-1 -1 -1
-1 -1 -1
-1 -1 -1
-1 -1 -1
-1 -1 -1
-1 -1 -1
-1 -1 -1
-1 -1 -1
-1 -1 -1
-1 -1 -1
-1 -1 -1
-1 -1 -1
-1 -1 -1
-0.960289 0.562121 2.23
-0.952482 0.390362 2.23
-0.917416 0.324259 2.259
-1 -1 -1
-1 -1 -1
-1 -1 -1
-1 -1 -1
-1 -1 -1
-1 -1 -1
-1 -1 -1
-1 -1 -1
-1 -1 -1
-1 -1 -1
-1 -1 -1
-1 -1 -1
-1 -1 -1
-1 -1 -1
-0.928836 0.426072 2.434
-0.928836 0.426072 2.434
-0.942189 0.24367 2.32
-1 -1 -1
-1 -1 -1
-1 -1 -1
0.85603 1.29627 3.493
0.379099 1.24736 3.493
-1 -1 -1
-1 -1 -1
-0.961585 0.54283 2.215
-0.958462 0.447806 2.244
-0.89369 0.284715 2.259
-0.955507 0.223465 2.201
-1 -1 -1
-1 -1 -1
-1 -1 -1
-1 -1 -1
-0.968167 0.476749 2.095
-1 -1 -1
-1 -1 -1
-1 -1 -1
-0.952482 0.304482 2.23
-1 -1 -1
-1 -1 -1
-1 -1 -1
-1 -1 -1
-1 -1 -1
-1 -1 -1
-1 -1 -1
-0.907753 0.58737 2.542
-0.969648 0.420932 2.147
-1 -1 -1
-1 -1 -1
-1 -1 -1
-0.920851 0.32449 2.505
-1 -1 -1
-1 -1 -1
-0.611695 -0.101949 3.64
-1 -1 -1
-1 -1 -1
